1 0.9223263888887434 0.33420138888888895 0.9565972222222224 0.3229166666666667 1 0.3168402777777778 0.99914930555541 0.7864583333333334 0.9618229166665212 0.7829861111111112 0.9292708333331878 0.7699652777777778 0.9101736111109656 0.7586805555555556 0.9032291666665212 0.7552083333333334 0.8246701388887434 0.7369791666666666 0.80383680555541 0.7022569444444445 0.80383680555541 0.552951388888889 0.8211979166665212 0.5512152777777779
1 0.4501041666665212 0.31336805555555564 0.46963541666652114 0.30642361111111116 0.49697916666652114 0.30034722222222227 0.5182465277776322 0.3012152777777778 0.5416840277776324 0.30468750000000006 0.5625173611109656 0.31250000000000006 0.591163194444299 0.3246527777777778 0.6041840277776324 0.3324652777777778 0.6245833333331878 0.3480902777777778 0.6289236111109656 0.3524305555555556 0.6488888888887434 0.3368055555555556 0.6649479166665212 0.3263888888888889 0.6866493055554101 0.3151041666666667 0.6996701388887434 0.3098958333333333 0.7126909722220767 0.3480902777777778 0.7144270833331878 0.5286458333333334 0.696631944444299 0.5434027777777778 0.6831770833331879 0.6024305555555556 0.6662499999998546 0.6614583333333334 0.6306597222220768 0.7526041666666666 0.6258854166665212 0.7682291666666666 0.6154687499998546 0.7777777777777778 0.5902951388887434 0.796875 0.5651215277776324 0.8090277777777778 0.5468923611109656 0.8168402777777778 0.5217187499998546 0.8185763888888888 0.4922048611109657 0.8168402777777778 0.46920138888874346 0.8133680555555556 0.4366493055554101 0.8012152777777778 0.41624999999985446 0.7899305555555556 0.39324652777763236 0.7717013888888888 0.39498263888874346 0.44444444444444453 0.44749999999985457 0.39670138888888895
1 0.44793402777763225 0.3949652777777777 0.45053819444429893 0.3098958333333333 0.43317708333318783 0.2699652777777777 0.41234374999985446 0.23437499999999992 0.38977430555541004 0.2048611111111111 0.36156249999985446 0.17708333333333326 0.3298784722220767 0.15972222222222215 0.2947222222220767 0.14843749999999992 0.2465451388887434 0.1449652777777777 0.20618055555541007 0.15190972222222215 0.17145833333318788 0.16666666666666657 0.14498263888874346 0.18315972222222215 0.11666666666666667 0.20833333333333326 0.09192708333333334 0.24131944444444436 0.06848958333333334 0.2855902777777777 0.05763888888888889 0.3185763888888888 0.05546875 0.7803819444444444 0.07369791666666667 0.8237847222222222 0.09496527777777777 0.8550347222222222 0.12057291666666667 0.8810763888888888 0.14184027777777777 0.8975694444444444 0.17092013888888888 0.9071180555555556 0.20434027777777777 0.9140625 0.24210069444444443 0.9184027777777778 0.2737847222222222 0.9140625 0.278125 0.8107638888888888 0.28463541666666664 0.2543402777777778 0.31024305555555554 0.2595486111111111 0.33975694444444443 0.2751736111111111 0.3662326388888889 0.2934027777777778 0.38619791666666664 0.3098958333333333 0.4092013888888889 0.3376736111111111 0.4278645833333333 0.3637152777777778
1 0.39444444444444443 0.4435763888888889 0.36449652777777786 0.43055555555555564 0.34453125 0.4201388888888889 0.3263020833333333 0.4123263888888889 0.30677083333333344 0.40451388888888895 0.28767361111111106 0.40104166666666674 0.28203124999999996 0.4010416666666667 0.2824652777777778 0.6579861111111112 0.29765625 0.6571180555555556 0.3150173611111111 0.6536458333333334 0.3323784722222222 0.6458333333333334 0.3536458333333333 0.6345486111111112 0.3809895833333333 0.6197916666666667 0.39401041666666664 0.6085069444444445
1 0.7125868055555555 0.3515625 0.7677083333333333 0.34809027777777785 0.7668402777777777 0.3637152777777778 0.7677083333333333 0.4748263888888889 0.7642361111111111 0.49045138888888895 0.7629340277777777 0.5277777777777779 0.7138888888888889 0.5303819444444444 0.7125868055555555 0.35416666666666674
1 0.6296875 0.7560763888888888 0.6283854166666667 0.7699652777777778 0.6596354166666667 0.796875 0.6722222222222223 0.8046875 0.6822048611111111 0.7986111111111112 0.64140625 0.7682291666666666
1 0.6448784722222223 0.7161458333333334 0.6431423611111111 0.7326388888888891 0.6583333333333333 0.7465277777777779 0.6848090277777777 0.7647569444444444 0.715625 0.7743055555555556 0.7481770833333333 0.7795138888888888 0.7646701388888889 0.7777777777777778 0.7646701388888889 0.7560763888888888 0.7381944444444445 0.7604166666666666 0.7082465277777777 0.7560763888888888 0.6791666666666667 0.7456597222222222 0.6561631944444445 0.7282986111111112
1 0.6578993055555555 0.6857638888888888 0.6839409722222223 0.6987847222222222 0.7147569444444445 0.7065972222222222 0.7594618055555555 0.7083333333333335 0.7611979166666667 0.7282986111111113 0.7303819444444445 0.7309027777777778 0.6965277777777777 0.7213541666666666 0.6661458333333333 0.7057291666666666 0.65703125 0.6987847222222222
1 0.6700520833333333 0.6527777777777778 0.6683159722222223 0.6684027777777778 0.6848090277777779 0.6753472222222223 0.70390625 0.6822916666666667 0.7173611111111111 0.6848958333333334 0.7434027777777777 0.6883680555555556 0.7607638888888889 0.6883680555555556 0.7598958333333333 0.6675347222222223 0.7373263888888889 0.6710069444444445 0.7143229166666667 0.6666666666666667 0.6947916666666667 0.6605902777777779 0.6809027777777777 0.6571180555555556
1 0.6787326388888889 0.6206597222222221 0.7590277777777777 0.6293402777777777 0.7594618055555555 0.6527777777777778 0.7434027777777777 0.6527777777777777 0.68046875 0.640625 0.6769965277777777 0.6397569444444444
1 0.6982638888888889 0.5416666666666666 0.69609375 0.5590277777777778 0.7607638888888889 0.5625 0.7603298611111111 0.5425347222222222
1 0.6887152777777777 0.5902777777777778 0.7130208333333333 0.5946180555555556 0.7412326388888889 0.5954861111111112 0.7611979166666667 0.5963541666666667 0.7611979166666667 0.6128472222222223 0.7390625 0.6102430555555556 0.7082465277777777 0.6085069444444445 0.6852430555555555 0.6050347222222223
1 0.6926215277777777 0.5651041666666666 0.6926215277777777 0.5798611111111112 0.7160590277777777 0.5833333333333334 0.7325520833333333 0.5850694444444445 0.7555555555555555 0.5859375000000001 0.7607638888888889 0.5859375 0.7611979166666667 0.568576388888889 0.73515625 0.5677083333333334 0.7073784722222223 0.5651041666666667
1 0.0016493055555555358 0.3125 0.05763888888888889 0.3168402777777778 0.055034722222222235 0.7821180555555556 0.025520833333333343 0.7890625 0.007725694444444454 0.7907986111111112 0 0.7890625
0 0.0012152777777777778 0.3116319444444444 0.05807291666666667 0.3168402777777778 0.06805555555555555 0.2847222222222222 0.08541666666666667 0.2517361111111111 0.10842013888888889 0.2152777777777778 0.13098958333333333 0.1935763888888889 0.16918402777777777 0.1666666666666667 0.19956597222222222 0.15538194444444445 0.24817708333333333 0.14409722222222227 0.2972222222222223 0.14756944444444448 0.3397569444444445 0.1666666666666667 0.36883680555555554 0.18402777777777782 0.39227430555555554 0.20659722222222227 0.4065972222222222 0.2274305555555556 0.42960069444444443 0.26215277777777785 0.44262152777777786 0.2916666666666667 0.45086805555555554 0.3116319444444444 0.46432291666666664 0.3072916666666667 0.4894965277777778 0.3003472222222222 0.5190104166666667 0.3003472222222222 0.5480902777777777 0.3072916666666667 0.5637152777777777 0.3125 0.6010416666666667 0.3298611111111111 0.6314236111111111 0.3506944444444444 0.6565972222222223 0.3315972222222222 0.6861111111111111 0.3159722222222222 0.7190972222222223 0.3064236111111111 0.7512152777777777 0.3055555555555556 0.7759548611111111 0.3055555555555556 0.7815972222222223 0.2361111111111111 0.7911458333333333 0.23524305555555555 0.820694444444396 0.24131944444444445 0.8658333333332848 0.2682291666666667 0.888836805555507 0.2925347222222222 0.910538194444396 0.3133680555555556 0.9231249999999515 0.3324652777777778 0.9457812499999515 0.3246527777777778 0.9826736111110626 0.3168402777777778 1 0.3151041666666667 1 0 0 0
0 0.7026909722222222 0.31250000000000006 0.7139756944444444 0.3524305555555556 0.7690972222222222 0.342013888888889 0.7712673611111112 0.30555555555555564 0.7491319444444444 0.3064236111111112 0.7217881944444444 0.3081597222222223
0 0.90234375 0.7543402777777778 0.8815104166666666 0.78125 0.86328125 0.7977430555555556 0.8381076388888888 0.8133680555555556 0.8216145833333334 0.8194444444444444 0.8611111111111112 0.8359375 0.8971354166666666 0.859375 0.9166666666666666 0.8767361111111112 0.9479166666666666 0.875 0.9835069444444444 0.8663194444444444 0.9982638888888888 0.8671875 1 0.8689236111111112 1 0.7864583333333334 0.96484375 0.7847222222222222 0.9288194444444444 0.7717013888888888
0 0.6701388888888891 0.8029513888888888 0.6349826388888888 0.8203125 0.6115451388888888 0.8342013888888888 0.5902777777777778 0.8350694444444444 0.5811631944444444 0.8489583333333334 0.5516493055555556 0.8524305555555556 0.5364583333333334 0.8819444444444444 0.5290798611111112 0.8967013888888891 0.5243055555555556 0.8932291666666666 0.5169270833333334 0.8914930555555556 0.5112847222222222 0.8914930555555556 0.5034722222222222 0.859375 0.4809027777777778 0.8628472222222222 0.4652777777777778 0.8689236111111112 0.4769965277777778 0.8819444444444444 0.4817708333333333 0.9010416666666666 0.4691840277777778 0.9131944444444444 0.4262152777777778 0.9253472222222222 0.4114583333333333 0.9270833333333334 0.38671875 0.8810763888888888 0.3537326388888889 0.8845486111111112 0.3433159722222222 0.8871527777777778 0.33593750000000006 0.9045138888888888 0.3229166666666667 0.9123263888888888 0.3028211805555554 0.9227430555555556 0.2437934027777776 0.9357638888888888 0.2090711805555554 0.9444444444444444 0.1721788194444443 0.9539930555555556 0.12530381944444435 0.9583333333333334 0.04587673611111103 0.9470486111111112 0.0007378472222220643 0.9279513888888888 0 0.7881944444444444 0.01853298611111095 0.7925347222222222 0.052821180555555396 0.78125 0.05585937499999984 0.78125 0.07408854166666651 0.8263888888888888 0.09492187499999984 0.8559027777777778 0.11445312499999984 0.8758680555555556 0.13745659722222206 0.8932291666666666 0.1604600694444443 0.9071180555555556 0.1973524305555554 0.9140625 0.2203559027777776 0.9140625 0.2581163194444443 0.9157986111111112 0.2737413194444443 0.9149305555555556 0.2819878472222221 0.6562500000000001 0.3071614583333332 0.6588541666666666 0.3392795138888887 0.6449652777777779 0.3653211805555554 0.6319444444444445 0.3883246527777776 0.6145833333333334 0.3935329861111109 0.6119791666666666 0.3935329861111109 0.7743055555555556 0.4082899305555554 0.7881944444444444 0.4356336805555554 0.8055555555555556 0.4660156249999998 0.8133680555555556 0.5076822916666666 0.8211805555555556 0.5480468749999998 0.8177083333333334 0.5740885416666666 0.8081597222222222 0.604470486111111 0.7881944444444444 0.627907986111111 0.7682291666666666
0 0.2854600694444443 0.2560763888888889 0.28372395833333314 0.4010416666666667 0.2958767361111109 0.4010416666666667 0.3197482638888887 0.4079861111111111 0.3536024305555554 0.4262152777777778 0.3805121527777777 0.4383680555555556 0.3961371527777777 0.4461805555555556 0.44778645833333325 0.3958333333333333 0.43172743055555546 0.3723958333333333 0.41436631944444435 0.3446180555555556 0.39006076388888883 0.3168402777777778 0.36358506944444435 0.2925347222222222 0.33710937499999993 0.2751736111111111 0.30802951388888883 0.2621527777777778
0 0.7850315908852814 0.7543402777777778 0.8262642297741704 0.7395833333333334 0.8023927019963926 0.7005208333333334 0.7841635353297259 0.7065972222222223
0 0.7144097222222222 0.5286458333333334 0.6996527777777779 0.5416666666666666 0.7621527777777778 0.5434027777777778 0.7621527777777778 0.5295138888888888
0 0.6961805555555556 0.5598958333333334 0.6940104166666666 0.5651041666666667 0.7612847222222222 0.5694444444444445 0.7604166666666666 0.5642361111111112
0 0.6927083333333334 0.5833333333333334 0.6883680555555556 0.5894097222222222 0.7591145833333334 0.5963541666666667 0.7595486111111112 0.5902777777777778
0 0.6866319444444444 0.6076388888888888 0.6796875 0.6206597222222223 0.7591145833333334 0.6293402777777778 0.7612847222222222 0.6145833333333334
0 0.6775173611111112 0.6397569444444444 0.671875 0.6501736111111112 0.6979166666666667 0.6605902777777778 0.7274305555555556 0.6684027777777779 0.7473958333333334 0.670138888888889 0.7608506944444444 0.6675347222222223 0.7604166666666666 0.6536458333333334
0 0.6684027777777778 0.6701388888888888 0.6601562500000001 0.6822916666666667 0.6831597222222222 0.6961805555555556 0.7044270833333334 0.7005208333333334 0.7183159722222222 0.7065972222222223 0.7395833333333334 0.7100694444444445 0.7521701388888888 0.7100694444444444 0.7591145833333334 0.7092013888888888 0.7604166666666666 0.6927083333333334 0.7417534722222222 0.6918402777777778 0.7191840277777778 0.6875 0.6983506944444444 0.6822916666666666 0.6796875 0.6744791666666666
0 0.6571180555555556 0.6996527777777778 0.6467013888888888 0.7144097222222222 0.6575520833333334 0.7256944444444444 0.6770833333333334 0.7413194444444444 0.6948784722222223 0.7508680555555556 0.7118055555555556 0.7543402777777778 0.7317708333333334 0.7578125 0.7491319444444444 0.7578125 0.7612847222222222 0.7578125 0.7630208333333334 0.7578125 0.7604166666666666 0.7282986111111112 0.7456597222222222 0.7300347222222222 0.7239583333333334 0.7309027777777778 0.7009548611111112 0.7256944444444444 0.6822916666666666 0.71875 0.6688368055555556 0.7074652777777779
0 0.6319444444444444 0.7560763888888888 0.6453993055555556 0.7369791666666666 0.6614583333333334 0.75 0.6788194444444444 0.7630208333333334 0.697482638888889 0.7682291666666666 0.72265625 0.7751736111111112 0.7447916666666666 0.7795138888888888 0.7647569444444444 0.7803819444444444 0.7669270833333334 0.7951388888888888 0.7630208333333334 0.7994791666666666 0.7521701388888888 0.7951388888888888 0.7317708333333334 0.7951388888888888 0.71875 0.796875 0.7005208333333334 0.7977430555555556 0.6879340277777778 0.796875 0.6861979166666666 0.7977430555555556 0.6506076388888888 0.7734375
0 0.8863177072752781 0.7553465253834449 0.8605997297401545 0.7782069498591102 0.8417921321836792 0.7938399894095265 0.8226112750740182 0.8012648373229436 0.8086896852363609 0.8068334732580067 0.7950774640617627 0.8111646345408332 0.821373800421782 0.8216831690848411 0.8356047589224982 0.8173520078020143 0.8520012980646281 0.8055959986057704 0.8699446805220529 0.7932212520834083 0.8885068003055961 0.7721841829953928 0.8980972288604269 0.7579532244946764
0 0.7907463027789359 0.7969336760401169 0.8086896852363606 0.791365040105054 0.8235393810631952 0.7870338788222272 0.8408640261945023 0.7796090309088101 0.8575699339996908 0.7672342843864478 0.8718008925004074 0.7517658512334953 0.8795351090768836 0.7579532244946764 0.8730383671526435 0.7678530217125661 0.8594261459780452 0.7808465055610463 0.8489076114340375 0.7888900908005815 0.8377703395639117 0.7950774640617625 0.8244674870523724 0.8000273626707073 0.8111646345408332 0.8055959986057704 0.7944587267356444 0.8093084225624789
0 0.7904369341158768 0.7857964041699911 0.7919837774311721 0.798171150692353 0.8049772612796523 0.7932212520834083 0.8235393810631952 0.786415141496109 0.8383890768900297 0.7796090309088098 0.8501450860862737 0.7734216576476288 0.8603542519672225 0.7641405977558574 0.8668509938914626 0.7554782751902038 0.8615917266194586 0.7486721646029048 0.8513825607385099 0.7567157498424403 0.8399359202053249 0.7653780724080936 0.8238487497262543 0.7728029203215109 0.8127114778561284 0.7783715562565738 0.8006460999968255 0.7820839802132825
0 0.7956962013878807 0.7746591322998653 0.8108552658777742 0.7690904963648023 0.8247768557154315 0.7635218604297392 0.844576450151211 0.7523845885596134 0.8523106667276872 0.7468159526245505 0.8547856160321594 0.7511471139073772 0.8473607681187423 0.7591906991469126 0.8322017036288489 0.7697092336909205 0.8195175884434276 0.7752778696259832 0.8083803165733018 0.7789902935826919 0.7994086253445892 0.7808465055610463 0.7956962013878807 0.7765153442782194
0 0.7944587267356444 0.7653780724080936 0.8059053672688293 0.762284385777503 0.8238487497262544 0.755478275190204 0.8362234962486165 0.7480534272767869 0.8427202381728566 0.7437222659939601 0.8451951874773289 0.7486721646029048 0.834676652933321 0.7585719618207944 0.8238487497262543 0.7641405977558574 0.8111646345408332 0.7690904963648023 0.7963149387139986 0.7734216576476288
0 0.7867245101591682 0.7616656484513851 0.8003367313337666 0.7567157498424403 0.8272518050199039 0.7449597406461963 0.8318923349657896 0.7412473166894876 0.8362234962486165 0.7468159526245505 0.8322017036288489 0.7486721646029048 0.8247768557154315 0.7530033258857316 0.8108552658777742 0.7604281737991488 0.797861782029294 0.7653780724080936 0.791055671441995 0.7666155470603299
0 0.7851776668438729 0.7542408005379678 0.7960055700509397 0.7511471139073772 0.8120927405300103 0.7449597406461963 0.8260143303676677 0.7369161554066608 0.8284892796721401 0.7418660540156057 0.8071428419210656 0.7523845885596134 0.79260251475729 0.7585719618207947 0.785796404169991 0.7598094364730309