1 0.734375 0.375 0.7534722222222224 0.3003472222222222 0.7721354166666666 0.2456597222222222 0.7903645833333335 0.20920138888888892 0.8151041666666666 0.16927083333333334 0.8289930555555556 0.1579861111111111 0.8342013888888891 0.9201388888888888 0.8090277777777779 0.90625 0.7799479166666669 0.8741319444444444 0.7625868055555557 0.84375 0.7439236111111113 0.7717013888888888 0.7348090277777779 0.7291666666666666
1 0.546875 0.42795138888888895 0.5755208333333334 0.41319444444444453 0.6124131944444445 0.3940972222222222 0.6471354166666667 0.3845486111111111 0.68359375 0.37760416666666674 0.7274305555555556 0.37326388888888895 0.7339409722222222 0.3741319444444444 0.7335069444444444 0.7239583333333334 0.7252604166666666 0.7222222222222222 0.7109375 0.7230902777777778 0.7105034722222222 0.40885416666666674 0.6197916666666666 0.42187500000000006 0.6193576388888888 0.7057291666666667 0.5998263888888888 0.6901041666666667 0.5752169169363713 0.6654264009086628 0.5668409202815771 0.6430904098292111 0.5435742629071483 0.6161010872748737 0.5412475971697054 0.4336904934593522
1 0.8355034722222222 0.9166666666666666 0.8546006944444446 0.9027777777777779 0.8745659722222224 0.8854166666666666 0.87109375 0.19444444444444453 0.8537326388888888 0.1753472222222222 0.8298611111111112 0.15625000000000008
1 0.6258680555555556 0.6883680555555556 0.6336805555555556 0.6927083333333334 0.6328125 0.43750000000000006 0.7026909722222223 0.4288194444444444 0.7044270833333334 0.7118055555555556 0.7096354166666667 0.7118055555555556 0.7100694444444445 0.4097222222222223 0.6250000000000001 0.4236111111111111
1 0.6206597222222222 0.7039930555555557 0.6254340277777779 0.6892361111111112 0.6254340277777779 0.42274305555555564 0.6210937500000001 0.42274305555555564
1 0.3823784722222222 0.75 0.3884548611111111 0.7282986111111112 0.390625 0.3706597222222223 0.3754340277777778 0.3489583333333334 0.3528645833333334 0.32031250000000006 0.3346354166666667 0.3003472222222223 0.30425347222222227 0.28125000000000006 0.2699652777777778 0.26041666666666674 0.20659722222222227 0.2534722222222223 0.16449652777777782 0.2560763888888889 0.109375 0.2803819444444444 0.07725694444444445 0.3064236111111111 0.04427083333333337 0.3472222222222222 0.007369791666860732 0.4001736111111111 0 0.4114583333333333 0.0012934027779718032 0.6788194444444444 0.03514756944463847 0.7404513888888888 0.034279513889082916 0.40625 0.05641493055574958 0.3828125 0.08028645833352736 0.3628472222222222 0.08853298611130514 0.359375 0.0911371527779718 0.8116319444444444 0.11153645833352736 0.8289930555555556 0.12542534722241624 0.8394097222222222 0.1358420138890829 0.8420138888888888 0.1440885416668607 0.8289930555555556 0.1809809027779718 0.8350694444444444 0.20919270833352735 0.8159722222222222 0.23870659722241624 0.8090277777777778 0.2729947916668607 0.8038194444444444 0.3012065972224163 0.8038194444444444 0.3090190972224163 0.8064236111111112 0.3168315972224163 0.8055555555555556 0.3216059027779718 0.8020833333333334 0.3237760416668607 0.3541666666666667 0.3463454861113051 0.3697916666666667 0.3676128472224163 0.3880208333333333 0.3819357638890829 0.4019097222222222
1 0.0368836805557496 0.7395833333333334 0.050338541666860734 0.7335069444444444 0.04947048611130515 0.40885416666666674 0.03384548611130516 0.4045138888888889
1 0.39908878210698623 0.45186085246824065 0.4033765128238382 0.45252050334775634 0.40370633826359603 0.6009419512387842 0.39842913122747053 0.5963243950821746
1 0.051693486024171946 0.6195726513331911 0.09102548625995495 0.6038398512388778 0.08990171482464683 0.4352741359426652 0.04944594315355576 0.4292806882876888
1 0.3824568784831851 0.7544252235701614 0.38245687848318516 0.4038085357540388 0.36634948791043587 0.4105511643658872 0.3502420973376867 0.39631672618531816 0.3348838877218095 0.3850790118322373 0.3240207638471647 0.3820822880047491 0.32364617336872864 0.6907448422360366 0.3401281544199139 0.7132202709421983 0.35511177355735507 0.7304514329502556 0.3715937546085403 0.7454350520876969
1 0.6345562704706322 0.6937415660635248 0.6877481184085483 0.5566414509559383 0.6873735279301123 0.4742315457000122 0.6345562704706323 0.4375216788132813
1 0.6877481184085483 0.47722826952750036 0.6877481184085483 0.5603873557402986 0.6896210708007285 0.5618857176540428 0.6899956612791645 0.4832217171824768 0.7023571470675535 0.4824725362256047 0.7027317375459895 0.4764790885706283
1 0.6911194327144726 0.5484004604303457 0.7038555089812977 0.5491496413872178 0.7031063280244255 0.48397089813934896 0.6907448422360366 0.4847200790962209
1 0.5030750125395862 0.47123482187252386 0.5012020601474062 0.5626348986109149 0.4903389362727613 0.564882441481531 0.47460613617844827 0.565631622438403 0.44875939316636215 0.5656316224384029 0.4352741359426653 0.564882441481531 0.42703314541707255 0.5626348986109149 0.42665855493863647 0.4704856409156518
1 0.5210553555045156 0.6023414893251338 0.5255504412457481 0.6015923083682618 0.525550441245748 0.4757299076137562 0.5214299459829518 0.4749807266568842
1 0.4049323071893468 0.5993447654976456 0.4266585549386364 0.5626348986109149 0.42703314541707255 0.4697364599587798 0.4041831262324748 0.45175611699385043
1 0.8735140778025516 0.6533277390739596 0.9251660571737836 0.6589117368438225 0.9693727061851983 0.6607730694337769 0.9991540276244671 0.6598424031387997 1 0.4187998327397177 0.9572740443504952 0.4187998327397177 0.8721180783600859 0.4160078338547863
0 0.873495464476548 0.6542584053689365 0.9107407296016378 0.6598424031387997 0.9540167123180753 0.6626344020237311 0.9842633669048325 0.6626344020237311 0.9931046967071154 0.6617037357287541 0.9851940331998097 0.6942770560529543 0.9912433641171611 0.7259197100821774 0.9991540276244671 0.7277810426721316 1 0.9157756342575161 0.9600660432354265 0.9353196264520361 0.9205127256988976 0.9511409534666476 0.8837514070473003 0.9427649568118533 0.8213967652838312 0.9362502927470132 0.771140785355065 0.9325276275671047 0.7381021318833763 0.9213596320273788 0.7260034700486734 0.9046076387177902 0.6883114851020987 0.8869249791132243 0.6422435035007297 0.88506364652327 0.6064128511441095 0.8887863117031786 0.5854728595071236 0.8934396431780642 0.5203262188587232 0.9036769724228131 0.4258635899185423 0.8469063284292069 0.3258169632084986 0.8022343462703035 0.32337861751555436 0.7938583496155092 0.3229132843680657 0.6905543908730455 0.3419919434150974 0.7166130471324057 0.36944659911692335 0.7445330359817203 0.38107992780413774 0.7538396989314917 0.3889905913114435 0.730573041557063 0.39085192390139784 0.6049330917351476 0.4024852525886122 0.6105170895050106 0.42621724311052955 0.5630531084611761 0.4499492336324468 0.5649144410511304 0.4736812241543642 0.5649144410511304 0.48996788431646426 0.5667757736410847 0.4936905494963729 0.5760824365908561 0.5043932118886101 0.5974877613753306 0.5118385422484273 0.5900424310155135 0.5225412046406646 0.605863758030125 0.5313825344429476 0.6226157513397137 0.5202145389032217 0.6551890716639139 0.5439465294251391 0.6756637301534113 0.5709358519794764 0.6700797323835483 0.6067665043360967 0.69893038752784 0.6211918319082426 0.7100983830675658 0.6244491639406626 0.6905543908730457 0.6351518263328998 0.6942770560529543 0.6923878034739945 0.5481624477415417 0.7030904658662318 0.5500237803314958 0.7030904658662318 0.7138210482474743 0.7096051299310719 0.7147517145424515 0.7100704630785605 0.7231277111972458 0.734733119895455 0.7240583774922229 0.7603264430073265 0.842252996954321 0.7942957627739926 0.8934396431780642 0.8269621497276906 0.9204289657324016 0.8348728132349963 0.923220964617333 0.874891463919014 0.8822716476383385
0 1 0 1 0.4225224979196263 0.8766876498684757 0.41693850014976336 0.8715689852461015 0.40856250349496903 0.8711036520986128 0.19171725676529294 0.8450449958392525 0.16565860050593273 0.8306196682671066 0.1544906049662069 0.8059570114502124 0.18427192640547574 0.7715223585360578 0.24569590187396764 0.7463943685716747 0.32294120435707113 0.7347610398844604 0.3750585168757916 0.664030401466197 0.37691984946574586 0.614705087832408 0.39367184277533457 0.5639837747561532 0.4141465012648319 0.5374597853493043 0.4336904934593521 0.5221037914821814 0.4523038193588952 0.5067477976150585 0.46347181489862094 0.5011637998451955 0.46905581266848373 0.426245163099535 0.469986478963461 0.3927411764803575 0.4374131586392608 0.39181051018538043 0.3666825202209973 0.3601678561561572 0.3266638695369798 0.3313172010118657 0.29595188180273385 0.29362521606529096 0.2717545581333279 0.26370429468177553 0.2577945637086706 0.21763631308040662 0.2512798996438306 0.17063766518406054 0.2531412322337849 0.13387634653246291 0.26710122665844216 0.07617503624387972 0.3015358795725967 0.047789714247076634 0.33783186507670554 0.010097729300501929 0.38901851130044884 0 0.41600783385478624 0 0
1 0.5076784639100356 0.5835277669506733 0.5197771257447387 0.5993490939652849 0.5207077920397158 0.46719448007852954 0.5314104544319531 0.46067981601368946 0.5300144549894873 0.444858488999078 0.5025597992876614 0.4681251463735068 0.5020944661401728 0.49883713410775277 0.5123317953849214 0.49976780040272983
0 0.05118664622374326 0.6970690549378857 0.05956264287853763 0.686831725693137 0.053047978813697584 0.6216850850447366 0.09027463061278354 0.6030717591451936 0.08980929746529505 0.8143330081050066 0.11167995539725802 0.8320156677095726 0.12889728185433535 0.8441143295442756 0.13401594647670964 0.8441143295442756 0.12238261778949525 0.8673809869187042 0.11586795372465519 0.8711036520986127 0.10749195706986082 0.8664503206237272 0.10795729021734941 0.8431836632492984 0.09958129356255505 0.8348076665945041 0.08236396710547776 0.8348076665945041 0.07259197100821768 0.8385303317744127 0.07212663786072912 0.8431836632492984 0.08189863395798917 0.8766876498684757 0.0721266378607291 0.8822716476383385 0.06188930861598045 0.8841329802282928 0 0.8953009757680187 0 0.7277810426721316 0.009771996097260052 0.69893038752784 0.037226651799085984 0.7408103708018118 0.05072131307625466 0.7287117089671088
0 0.035365319209131725 0.40483983831506043 0.049325313633788975 0.40949316978994627 0.04932531363378897 0.43089849457442053 0.08980929746529501 0.4346211597543293 0.08934396431780643 0.3564451909762486 0.07398797045068346 0.3676131865159744 0.05583997769862903 0.383434513530586