0 0.1596193991117357 0.9479730202183512 0.144717767596816 0.9504566254708378 0.13669381216570536 0.9472088339868168 0.15584924260010924 0.23243734914259392 0.15759252271867874 0.19059862629692706 0.16133881813268794 0.06572001591195346 0.16105224829586257 0 0.18082556703681363 0 0.17711726004665662 0.2073341154351938 0.17328204378580384 0.2735787599408331 0.1639308856817873 0.633290895212799
0 0.08751266195218665 0.8058602894773732 0.09762368663988946 0.8056278521282307 0.09622906254503392 0.7296208389586024 0.08716400592847276 0.3751538815161466 0.08437475773876162 0.27450850933740345 0.07635566919334215 0.054855214397652216 0.06485002041078376 0.053460590302796616 0.07007986076649207 0.34819114901560577 0.08158550954905049 0.6352512752067093
0 0.059180102866762375 0.7568224693537884 0.05633490561355262 0.10849685525573112 0.063163379021256 0.10584133781940189 0.0694228129783173 0.38277387046514905 0.0711299313302432 0.6187355626646761 0.0671466551757496 0.7579605482550723
0 0.18152358475478075 0.06183562030309149 0.1917662948663358 0.06562921664070448 0.1968876499221133 0.7462003996084721 0.19233533431697783 0.7515114344811302 0.19119725541569382 0.762892223493969 0.18209262420542274 0.7617541445926853 0.1832307031067066 0.749993995946085 0.17697126914964528 0.7484765574110399 0.18095454530413888 0.7420274436370978 0.17754030860028713 0.15553744984213197
0 0.24980831883181434 0.000758719267522581 0.2554987133382338 0.3031083473752766 0.2782602913639115 0.9294311027151786 0.2828126069690471 1 0.3203692107114158 1 0.2867958831235408 0
0 0.6549644076888799 0.9999919945947799 0.6441526581266829 0 0.6703284728562126 0 0.6828473407703353 1
0 0.635617066367054 0.7811014859145113 0.621960119551647 0.7803427666469888 0.5986295020753273 0.10546197818564068 0.6111483699894501 0.10697941672068596
0 0.43588421919173065 0 0.44043653479686623 0.8436958254851255 0.45523156051355684 0.8425577465838415 0.4512482843590632 0
0 0.41938207512311426 0.021244139490632582 0.42222727237632385 0.8171406511218348 0.4353151797410888 0.8178993703893572 0.43417710083980476 0.0284519725320973
0 0.48197641469372837 0.0679053744432723 0.48482161194693807 0.7515114344811302 0.4893739275520736 0.7530288730161754 0.4876668092001479 0.7943790730961569 0.4694575467796055 0.7939997134623954 0.48311449359501224 0.7977933098000085 0.4888048881014317 0.799690107968815 0.5223782156893065 0.7993107483350538 0.5195330184360968 0.7955171519974408 0.4979095193117028 0.7924822749273502 0.4979095193117028 0.7530288730161754 0.5109974266764676 0.7496146363123237 0.5007547165649125 0.7450623207071883 0.4944952826078512 0.06600857627446573
0 0.8502599495499289 0.8954715121713941 0.8693335775308595 0.8949063676386256 0.8642472767359447 0.6493510681507932 0.8625518431376397 0.3656485127010994 0.8633995599367921 0 0.8430543567571328 0 0.8422066399579804 0.5948146207386509
0 0.9611671540175306 0.06550359837118289 0.9772847586640677 0.06199078710206586 0.9819340676967226 0.07066949729635508 0.9766648507930472 0.07128940516737572 0.9686060484697786 0.2940429668207989 0.9670562787922269 0.464310995394473 0.9735653114379439 0.7713720275067057 0.9754250350510058 0.8120793110370622 0.9599273382754893 0.8114594031660417 0.9524884438232415 0.5868461178995565 0.953108351694262 0.33826306162027253 0.9599273382754894 0.0867871019428922
0 0.7021797796685704 0.141441121262483 0.711872445338842 0.1421590964973179 0.7275287385909119 0.4840125969161003 0.7314111925768699 0.5648251576608562 0.7431043680541618 0.7474122194631715 0.7291038509748805 0.7474122194631715
0 0.8227996191208402 0.7122314329562596 0.79587554781453 0.22472624850333586 0.7851059192920057 0.22472624850333586 0.8066451763370541 0.7122314329562595
0 0.7008706119336584 0.7211172858003247 0.6939468789015344 0.14476896339895962 0.687652576145058 0.14162181202072135 0.681987703664229 0.14707687440966768 0.6867084307315864 0.4013667057713183 0.6923733032124153 0.7209074757084422
0 0.45955008075396186 0.168578672839393 0.4687872683068053 0.16819379002469123 0.47456051052733256 0.3752607443342654 0.47686980741554336 0.6046509018965445 0.47744713163759606 0.717421566604175 0.46936459252885815 0.7181913322335784 0.46243670186422553 0.3764153927783708
0 0.5068906669622846 0.7112634415689459 0.5270970147341296 0.7085692618660333 0.5149732060710226 0.7054901993484187 0.5178598271812862 0.6808576992075029 0.5299836358443932 0.6812425820222048 0.5178598271812862 0.6777786366898884 0.516127854515128 0.4399210572041695 0.5132412334048645 0.19936929801553782 0.5028493974079156 0.198984415200836 0.5028493974079156 0.3506282441933495 0.5068906669622846 0.6781635195045902 0.5005401005197048 0.6781635195045902 0.5011174247417574 0.6804728163928011 0.5074679911843373 0.6816274648369066 0.5086226396284428 0.7047204337190152 0.5011174247417574 0.7054901993484188
0 0.5571178742808709 0.2617203139972312 0.5663550618337143 0.26441449370014386 0.5680870344998724 0.5430696515442547 0.5692416829439779 0.6600740272136052 0.558849846947029 0.6573798475106924 0.5582725227249763 0.3948897678840576
0 0.5986852182686664 0.2628749624413366 0.5917573276040339 0.26287496244133657 0.589448030715823 0.2686482046618638 0.5917573276040339 0.6735449257281685 0.5993202393998646 0.6738909142974544